Ra = 11.1;
La = 1.52e-3;
km = 0.0582;
ks = 17.17;
ke = 0.05822;
Ja = 4.46e-6;
wn = 463.91;
in = 0.804;
un = 36;
